$oilpan.transform = matrix3 [0.999028,0.013563,0.041878] [-0.013804,0.999885,0.005508] [-0.041794,-0.006074,0.999014] [0.000390,-0.398375,6.537208]
$engine.transform = matrix3 [1.000000,0.000000,0.000000] [0.000000,0.999992,0.000000] [0.000000,0.000000,1.000000] [0.000655,0.752849,5.519508]
$prop.transform = matrix3 [1.000000,0.000000,0.000000] [0.000000,0.000000,-1.000000] [0.000000,0.999992,0.000000] [0.020656,0.572848,8.221300]
$Pilot.transform = matrix3 [1.000000,0.000000,0.000000] [0.000000,0.999992,0.000000] [0.000000,0.000000,1.000000] [0.000477,2.879553,-0.299658]
$airspeed_needle.transform = matrix3 [1.000000,0.000000,0.000000] [-0.000000,0.999991,-0.000000] [0.000000,0.000000,1.000000] [0.000423,1.308957,1.489896]
$airspeed.transform = matrix3 [1.000000,0.000000,0.000000] [-0.000000,0.999992,-0.000000] [0.000000,0.000000,1.000000] [0.000423,1.308957,1.497899]
$rpm_needle.transform = matrix3 [0.942079,-0.003999,-0.335371] [0.003794,0.999992,-0.001266] [0.335373,-0.000080,0.942089] [-0.671236,1.417139,1.497966]
$rpm_gauge.transform = matrix3 [1.000000,0.000000,0.000000] [-0.000000,0.999992,-0.000000] [0.000000,0.000000,1.000000] [-0.671236,1.417139,1.501969]
$alt_needle.transform = matrix3 [1.000000,0.000000,0.000000] [-0.000000,0.999992,-0.000000] [0.000000,0.000000,0.999997] [0.672160,1.417895,1.489831]
$alt_needle_2.transform = matrix3 [1.000000,0.000000,0.000000] [-0.000000,0.999992,-0.000000] [0.000000,0.000000,0.999997] [0.672160,1.417895,1.492831]
$alt_gauge.transform = matrix3 [1.000000,0.000000,0.000000] [-0.000000,0.999992,-0.000000] [0.000000,0.000000,1.000000] [0.672160,1.417895,1.501832]
$MainPanel2.transform = matrix3 [1.000000,0.000000,0.000000] [-0.000000,0.999992,-0.000000] [0.000000,0.000000,1.000000] [0.000477,1.797613,6.728961]
$switch.transform = matrix3 [1.000000,0.000000,0.000000] [-0.000000,0.999992,-0.000000] [0.000000,0.000000,1.000000] [-0.918936,1.509563,1.502480]
$oil_level.transform = matrix3 [1.000000,0.000000,0.000000] [-0.000000,0.999991,0.000000] [0.000000,0.000000,1.000000] [0.349899,1.075947,1.457850]
$oil_tube.transform = matrix3 [1.000000,0.000000,0.000000] [-0.000000,0.999991,0.000000] [0.000000,0.000000,1.000000] [0.349899,1.160947,1.457850]
$oil_gauge.transform = matrix3 [1.000000,0.000000,0.000000] [-0.000000,0.999992,-0.000000] [0.000000,0.000000,1.000000] [0.349899,1.160947,1.457850]
$SlipBall.transform = matrix3 [-0.999966,-0.000256,0.008645] [-0.000055,0.999689,0.023068] [-0.008650,0.023049,-0.999696] [0.008879,1.567249,1.463609]
$SlipIndicator.transform = matrix3 [-0.999966,-0.000256,0.008645] [-0.000056,0.999729,0.023050] [-0.008649,0.023049,-0.999699] [0.008310,1.502450,1.493722]
$gauge1.transform = matrix3 [1.000000,0.000000,0.000000] [-0.000000,0.999992,-0.000000] [0.000000,0.000000,1.000000] [-0.328171,1.486161,1.548704]
$gauge1_base.transform = matrix3 [1.000000,0.000000,0.000000] [-0.000000,0.999992,-0.000000] [0.000000,0.000000,1.000000] [0.426828,1.615161,1.511705]
$switch2.transform = matrix3 [0.982193,-0.187875,0.000000] [0.187877,0.982184,-0.000000] [0.000000,0.000000,1.000000] [0.750703,1.621804,4.643279]
$switch1.transform = matrix3 [0.982567,0.185910,-0.000000] [-0.185912,0.982558,-0.000000] [0.000000,0.000000,1.000000] [-0.729871,1.621804,4.642005]
$compassneedle.transform = matrix3 [1.000000,-0.000000,-0.000000] [-0.000000,0.999463,-0.032994] [0.000000,0.032982,0.999457] [0.001817,1.860006,1.426315]
$Screw1.transform = matrix3 [1.000000,0.000000,0.000000] [0.000000,0.999991,-0.000000] [0.000000,-0.000013,1.000000] [-0.183876,1.639864,1.507767]
$Screw2.transform = matrix3 [1.000000,0.000000,0.000000] [0.000000,0.999991,-0.000000] [0.000000,-0.000013,1.000000] [0.039123,1.878865,1.515767]
$Screw3.transform = matrix3 [1.000000,0.000000,0.000000] [0.000000,0.999991,-0.000000] [0.000000,-0.000013,1.000000] [-0.050875,1.878865,1.509767]
$Screw4.transform = matrix3 [1.000000,0.000000,0.000000] [0.000000,0.999991,-0.000000] [0.000000,-0.000013,1.000000] [0.003124,2.024864,1.379769]
$Ring.transform = matrix3 [1.000000,0.000000,0.000000] [0.000000,0.999991,-0.000000] [0.000000,-0.000013,1.000000] [0.004125,1.872865,1.392710]
$Backing.transform = matrix3 [1.000000,0.000000,0.000000] [-0.000000,0.999992,-0.000000] [0.000000,0.000000,1.000000] [0.000423,1.825955,1.507900]
$compass.transform = matrix3 [1.000000,0.000000,0.000000] [0.000000,0.999991,-0.000000] [0.000000,0.000000,1.000000] [-0.049624,1.347353,1.111337]
$MainPanel.transform = matrix3 [1.000000,0.000000,0.000000] [0.000000,0.999992,0.000000] [0.000000,0.000000,1.000000] [0.000477,1.797613,3.293986]
$Seat.transform = matrix3 [1.000000,0.000000,0.000000] [0.000000,0.999992,0.000000] [0.000000,0.000000,1.000000] [0.000895,0.498243,-0.184223]
$Seat2.transform = matrix3 [1.000000,0.000000,0.000000] [0.000000,0.999992,0.000000] [0.000000,0.000000,1.000000] [0.001886,0.498243,3.085761]
$Yoke.transform = matrix3 [1.000000,-0.000000,0.000000] [0.000000,0.999992,0.000000] [0.000000,-0.000000,1.000000] [0.000885,-0.007757,1.414767]
$YokeElev.transform = matrix3 [1.000000,0.000000,0.000000] [0.000000,0.999992,0.000000] [0.000000,0.000000,1.000000] [0.000886,0.198243,1.414767]
$Yoke2.transform = matrix3 [1.000000,0.000000,0.000000] [0.000000,0.999992,-0.000000] [-0.000000,0.000000,1.000000] [0.000894,0.198243,4.614748]
$YokeElev2.transform = matrix3 [1.000000,0.000000,0.000000] [0.000000,0.999992,0.000000] [0.000000,0.000000,1.000000] [0.000894,0.198243,4.614749]
$RudderPed.transform = matrix3 [1.000000,0.000000,-0.000000] [0.000000,0.999992,0.000000] [-0.000000,-0.000000,1.000000] [0.000885,-0.600759,2.028767]
$RudderPed2.transform = matrix3 [1.000000,0.000000,-0.000000] [0.000000,0.999992,0.000000] [-0.000000,-0.000000,1.000000] [0.000885,-0.600761,5.442743]
$TWheel.transform = matrix3 [1.000000,0.000000,-0.000000] [0.000000,0.999992,0.000000] [-0.000000,-0.000000,1.000000] [1.200884,0.767238,1.217772]
$TWheel2.transform = matrix3 [1.000000,0.000000,-0.000000] [0.000000,0.999992,0.000000] [-0.000000,-0.000000,1.000000] [1.200884,0.767237,3.776752]
$Throttle.transform = matrix3 [1.000000,0.000000,-0.000001] [0.000000,0.999992,0.000000] [-0.000000,-0.000000,1.000000] [-1.206181,0.959228,1.232767]
$TBase.transform = matrix3 [1.000000,0.000000,-0.000000] [0.000000,0.999992,0.000000] [-0.000000,-0.000000,1.000000] [-1.199114,0.735232,1.132767]
$Throttle2.transform = matrix3 [1.000000,0.000000,0.000000] [-0.000000,0.999992,0.000000] [-0.000000,-0.000000,1.000000] [-1.206181,0.959233,3.833752]
$TBase2.transform = matrix3 [1.000000,0.000000,-0.000000] [0.000000,0.999992,0.000000] [-0.000000,-0.000000,1.000000] [-1.199114,0.735231,3.733753]
$Insides.transform = matrix3 [1.000000,0.000000,0.000000] [0.000000,0.999992,0.000000] [0.000000,0.000000,1.000000] [-0.004114,0.445242,2.900751]
$Windscreen.transform = matrix3 [1.000000,-0.000000,0.000000] [0.000000,0.070736,0.997489] [-0.000000,-0.997489,0.070737] [0.000001,3.797474,-0.687071]
$Windscreen2.transform = matrix3 [1.000000,-0.000000,0.000000] [0.000000,0.070736,0.997489] [-0.000000,-0.997489,0.070737] [-0.000476,3.803946,2.545215]
$switch3.transform = matrix3 [-0.040378,0.999187,0.000028] [-0.999191,-0.040378,0.000000] [0.000000,0.000000,1.000000] [-1.258860,1.567534,1.153006]
$board.transform = matrix3 [-0.999136,-0.041580,0.000000] [0.041581,-0.999133,0.000000] [-0.000000,-0.000000,1.000000] [-1.264523,1.569532,1.072693]
$Lever.transform = matrix3 [1.000000,0.000000,0.000000] [0.000000,1.000000,0.000000] [0.000000,0.000000,1.000000] [1.173476,1.236595,5.010391]
$CPWalls.transform = matrix3 [1.000000,0.000000,0.000000] [0.000000,0.999992,0.000000] [0.000000,0.000000,1.000000] [0.000477,0.331387,0.097179]
$leftWheel.transform = matrix3 [0.000000,0.000000,1.000000] [-0.000000,0.999992,0.000000] [-1.000000,0.000000,0.000000] [-2.536488,-4.147419,4.099355]
$rightWheel.transform = matrix3 [0.000000,0.000000,1.000000] [-0.000000,0.999992,0.000000] [-1.000000,0.000000,0.000000] [2.537442,-4.147420,4.099355]
$WheelStruts.transform = matrix3 [1.000000,0.000000,0.000000] [0.000000,0.999992,0.000000] [0.000000,0.000000,1.000000] [0.000477,-2.807027,4.247968]
$BWSL.transform = matrix3 [1.000000,0.000000,0.000000] [0.000000,0.999992,0.000000] [0.000000,0.000000,1.000000] [-1.297523,3.181559,4.209307]
$BWSR.transform = matrix3 [1.000000,0.000000,0.000000] [0.000000,0.999992,0.000000] [0.000000,0.000000,1.000000] [1.298477,3.181553,4.209309]
$Group.transform = matrix3 [1.000000,0.000000,0.000000] [0.000000,1.000000,0.000000] [0.000000,0.000000,1.000000] [0.000000,0.000000,0.000000]
$MainCYl.transform = matrix3 [1.000000,0.000000,0.000000] [0.000000,0.999992,0.000000] [0.000000,0.000000,1.000000] [-0.043181,0.599553,9.576193]
$LLAileron.transform = matrix3 [0.999905,0.000000,0.013000] [0.000000,0.999992,0.000000] [-0.013000,-0.000000,0.999897] [-14.913651,-0.744785,-0.673266]
$wire110.transform = matrix3 [-0.019023,-0.627306,-0.778552] [-0.999465,-0.008686,0.031421] [-0.026470,0.778731,-0.626812] [-8.374969,2.164514,3.172131]
$wire19.transform = matrix3 [-0.032137,-0.051102,-0.998185] [-0.999421,-0.010221,0.032703] [-0.011872,0.998644,-0.050746] [-8.382463,2.122577,3.076011]
$LLSpar.transform = matrix3 [0.999269,0.000000,-0.037990] [0.000000,0.999992,0.000000] [0.037989,-0.000000,0.999271] [-8.384265,2.058779,3.089148]
$LSupport.transform = matrix3 [0.998703,0.000000,0.050977] [0.000000,0.999992,0.000000] [-0.050979,-0.000000,0.998680] [-15.316201,-1.250628,2.038764]
$wire14.transform = matrix3 [0.799534,0.245338,0.548233] [-0.206776,0.969407,-0.132258] [-0.563918,-0.007617,0.825796] [-4.940004,1.941877,1.984363]
$wire16.transform = matrix3 [-0.740192,0.278269,0.612123] [0.066061,0.936037,-0.345641] [-0.669156,-0.215403,-0.711218] [-4.983559,1.975625,1.978932]
$wire15.transform = matrix3 [-0.751460,0.274567,0.599944] [0.066061,0.936038,-0.345641] [-0.656477,-0.220101,-0.721520] [-4.850568,1.931652,4.068599]
$wire13.transform = matrix3 [0.795015,0.265639,0.545333] [-0.223518,0.964041,-0.143741] [-0.563918,-0.007617,0.825797] [-4.862377,2.021646,4.229637]
$LLWing.transform = matrix3 [0.999279,0.000000,-0.037991] [0.000000,0.999992,0.000000] [0.037991,0.000000,0.999279] [-9.793394,-0.767746,1.154211]
$LRAileron.transform = matrix3 [0.999931,0.000000,-0.013000] [0.000000,0.999992,0.000000] [0.013000,0.000000,0.999928] [14.918201,-0.741289,-0.674078]
$wire112.transform = matrix3 [0.032053,-0.627388,-0.778061] [-0.999354,-0.008174,-0.034576] [0.015336,0.778674,-0.627259] [8.396832,2.109909,3.086442]
$wire111.transform = matrix3 [0.033752,-0.051201,-0.998127] [-0.999396,-0.009709,-0.033294] [-0.007984,0.998644,-0.051501] [8.389844,2.115253,3.055839]
$LRSpar.transform = matrix3 [0.999298,0.000000,0.037991] [0.000000,0.999992,0.000000] [-0.037990,-0.000000,0.999279] [8.384016,2.108121,3.087333]
$RSupport.transform = matrix3 [0.998721,0.000000,-0.050979] [0.000000,0.999992,0.000000] [0.050979,0.000000,0.998706] [15.318332,-1.249719,2.039762]
$wire10.transform = matrix3 [0.750558,0.239635,0.615856] [-0.222424,0.969174,-0.106048] [-0.622262,-0.057382,0.780711] [4.794393,1.795260,1.912363]
$wire12.transform = matrix3 [-0.791446,0.245512,0.559790] [0.088617,0.952218,-0.292327] [-0.604811,-0.181749,-0.775384] [4.938744,1.946416,1.934879]
$wire11.transform = matrix3 [-0.794227,0.252977,0.552477] [0.095632,0.949937,-0.297489] [-0.600074,-0.183435,-0.778659] [4.973087,1.942166,4.199918]
$wire9.transform = matrix3 [0.750558,0.239636,0.615856] [-0.222424,0.969174,-0.106048] [-0.622262,-0.057382,0.780712] [4.778693,1.871586,4.027196]
$LRWing.transform = matrix3 [0.999279,0.000000,0.037991] [0.000000,0.999992,0.000000] [-0.037991,0.000000,0.999279] [9.794847,-0.767372,1.154400]
$ULAileron.transform = matrix3 [0.999899,-0.000002,0.014003] [0.000002,0.999990,0.000000] [-0.013998,0.000000,0.999895] [-14.916677,4.854377,1.675064]
$wire18.transform = matrix3 [-0.019803,-0.627301,-0.778517] [-0.999449,-0.008683,0.032420] [-0.027096,0.778726,-0.626781] [-15.110442,2.396916,3.256472]
$wire17.transform = matrix3 [-0.033135,-0.051101,-0.998139] [-0.999388,-0.010218,0.033701] [-0.011920,0.998635,-0.050734] [-15.117887,2.355026,3.160348]
$ULSpar.transform = matrix3 [0.999235,-0.000002,-0.038987] [0.000002,0.999990,0.000000] [0.038991,0.000000,0.999232] [-15.122766,2.319319,3.194484]
$wire2.transform = matrix3 [0.802848,0.223466,0.552712] [-0.193674,0.974561,-0.112699] [-0.563837,-0.016566,0.825716] [-11.653193,2.219556,2.103179]
$wire4.transform = matrix3 [-0.742590,0.278325,0.609165] [0.094891,0.944101,-0.315688] [-0.662976,-0.176624,-0.727505] [-11.669076,2.142788,2.017465]
$wire3.transform = matrix3 [-0.742590,0.278325,0.609166] [0.094891,0.944100,-0.315687] [-0.662978,-0.176624,-0.727504] [-11.638317,2.184680,4.192299]
$wire1.transform = matrix3 [0.802849,0.223466,0.552713] [-0.193675,0.974563,-0.112700] [-0.563839,-0.016566,0.825714] [-11.629311,2.289052,4.270754]
$ULWing.transform = matrix3 [0.999242,0.000000,-0.038990] [0.000002,0.999991,0.000000] [0.038990,0.000000,0.999242] [-9.721542,4.825587,3.500543]
$URAileron.transform = matrix3 [0.999938,0.000001,-0.011999] [0.000002,0.999990,0.000000] [0.012000,0.000000,0.999918] [14.890132,4.860402,1.630247]
$wire114.transform = matrix3 [0.032830,-0.627383,-0.778024] [-0.999319,-0.008175,-0.035575] [0.015965,0.778672,-0.627237] [15.121045,2.393538,3.198793]
$wire113.transform = matrix3 [0.034751,-0.051201,-0.998094] [-0.999350,-0.009710,-0.034293] [-0.007931,0.998641,-0.051509] [15.114123,2.398754,3.170187]
$URSpar.transform = matrix3 [0.999258,0.000001,0.038990] [0.000002,0.999990,0.000000] [-0.038990,-0.000000,0.999228] [15.111470,2.316705,3.144673]
$wire6.transform = matrix3 [0.748584,0.262176,0.609010] [-0.233888,0.963867,-0.127455] [-0.620420,-0.047028,0.782862] [11.745105,2.242087,2.016274]
$wire8.transform = matrix3 [-0.797705,0.239048,0.553648] [0.069746,0.948484,-0.309041] [-0.599001,-0.207907,-0.773291] [11.755702,2.139355,1.942866]
$wire7.transform = matrix3 [-0.797709,0.239048,0.553647] [0.069746,0.948485,-0.309041] [-0.599002,-0.207907,-0.773292] [11.754789,2.250769,4.133163]
$wire5.transform = matrix3 [0.748585,0.262176,0.609009] [-0.233888,0.963869,-0.127455] [-0.620421,-0.047028,0.782862] [11.716115,2.233285,4.186778]
$URWing.transform = matrix3 [0.999241,0.000000,0.038990] [0.000002,0.999991,0.000000] [-0.038990,0.000000,0.999241] [9.709981,4.830962,3.457729]
$FuelCell2.transform = matrix3 [0.998598,-0.000001,0.052976] [0.000001,0.999992,0.000000] [-0.052975,0.000000,0.998595] [-1.327080,5.184548,4.442715]
$drum.transform = matrix3 [1.000000,-0.000001,-0.000000] [0.000001,0.999961,-0.008322] [0.000000,0.008322,0.999965] [0.000327,5.473642,1.605790]
$holder.transform = matrix3 [1.000000,-0.000000,0.000000] [0.000000,0.999993,0.000000] [0.000000,-0.000000,1.000000] [0.000328,5.171849,2.919916]
$Lewis.transform = matrix3 [1.000000,-0.000001,0.000000] [0.000001,0.999961,-0.008322] [0.000000,0.008322,0.999965] [0.000324,5.335579,4.179071]
$sight.transform = matrix3 [1.000001,0.000000,0.000000] [0.000000,0.999992,0.000000] [0.000000,0.000000,1.000000] [0.003174,2.705182,1.463395]
$FosterMount.transform = matrix3 [1.000000,0.000000,0.000000] [0.000000,0.999992,0.000000] [0.000000,0.000000,1.000000] [0.000323,3.889062,3.366559]
$CenterWing.transform = matrix3 [1.000000,0.000000,0.000000] [0.000000,0.999992,0.000000] [0.000000,0.000000,1.000000] [0.000325,4.506205,3.479071]
$ElevatorR.transform = matrix3 [1.000000,0.000000,-0.000000] [0.000000,0.999985,-0.000000] [-0.000000,0.000000,1.000000] [2.538905,1.306054,-18.945015]
$HSR.transform = matrix3 [1.000000,0.000000,-0.000000] [0.000000,0.999986,-0.000000] [-0.000000,0.000000,1.000000] [2.552321,0.702199,-16.556784]
$ElevatorL.transform = matrix3 [1.000000,0.000000,0.000000] [0.000000,0.999985,-0.000000] [0.000000,0.000000,1.000000] [-2.565098,1.306030,-18.944658]
$HSL.transform = matrix3 [1.000000,0.000000,0.000000] [0.000000,0.999986,-0.000000] [0.000000,0.000000,1.000000] [-2.551682,0.702173,-16.556425]
$TailSkid.transform = matrix3 [1.000000,0.000000,0.000000] [0.000000,0.999986,-0.000000] [0.000000,0.000000,1.000000] [0.000477,-0.960094,-14.995151]
$Rudder.transform = matrix3 [-0.000000,0.014999,0.999888] [0.000000,0.999872,-0.014999] [-1.000000,0.000000,0.000000] [0.000477,2.148825,-18.613222]
$Holder.transform = matrix3 [0.000000,0.000000,1.000000] [0.000000,0.999986,-0.000000] [-1.000000,0.000000,0.000000] [0.000477,2.387219,-20.924515]
$tailWheel.transform = matrix3 [0.000000,0.000000,1.000000] [0.000000,0.999986,-0.000000] [-1.000000,0.000000,0.000000] [0.000476,-0.570987,-15.490725]
$tailSteer.transform = matrix3 [1.000000,0.000000,0.000000] [0.000000,0.999986,-0.000000] [0.000000,0.000000,1.000000] [-0.080957,-0.073211,-15.632672]
$tailfuse.transform = matrix3 [1.000000,0.000000,0.000000] [0.000000,0.999992,0.000000] [0.000000,0.000000,1.000000] [0.000477,0.620552,-9.574646]
$cowl.transform = matrix3 [1.000000,0.000000,0.000000] [0.000000,0.999992,0.000000] [0.000000,0.000000,1.000000] [0.000477,0.756384,6.786119]
$wire115.transform = matrix3 [0.157717,0.914659,-0.372182] [-0.987470,0.144021,-0.064508] [-0.005401,0.377690,0.925920] [-0.693922,-2.829077,4.802281]
$wire116.transform = matrix3 [-0.152181,0.913479,-0.377378] [-0.988354,-0.141475,0.056108] [-0.002137,0.381517,0.924370] [0.669970,-2.808848,4.742216]
$wire117.transform = matrix3 [0.178542,0.885662,0.428661] [-0.982801,0.139583,0.120959] [0.047294,-0.442885,0.895343] [0.693430,-2.424870,3.873528]
$wire118.transform = matrix3 [-0.200010,0.887258,0.415696] [-0.979004,-0.163865,-0.121294] [-0.039499,-0.431227,0.901393] [-0.581327,-2.382868,4.001184]
$wire119.transform = matrix3 [0.778070,-0.536858,0.326181] [0.460198,0.840568,0.285754] [-0.427589,-0.072227,0.901086] [4.476296,-2.572269,5.703563]
$wire1110.transform = matrix3 [0.776562,0.538890,-0.326420] [-0.570670,0.821171,-0.001939] [0.267004,0.187782,0.945227] [-4.413257,-2.555239,5.693092]
$wire1111.transform = matrix3 [0.935508,-0.008339,0.353218] [0.008999,0.999956,-0.000228] [-0.353199,0.003392,0.935545] [4.275630,-2.323731,0.754949]
$wire1112.transform = matrix3 [0.934991,0.006555,-0.354637] [-0.019990,0.999207,-0.034235] [0.354130,0.039099,0.934382] [-4.452883,-2.277366,0.754908]
$mainskid.transform = matrix3 [1.000000,0.000000,0.000000] [0.000000,0.998980,0.044985] [0.000000,-0.044984,0.998989] [0.000477,-2.960428,5.262146]
$padding.transform = matrix3 [1.000000,0.000000,0.000000] [0.000000,0.999992,0.000000] [0.000000,0.000000,1.000000] [0.000477,2.321408,1.819796]
$CoPilot.transform = matrix3 [1.000000,0.000000,0.000000] [0.000000,0.999992,0.000000] [0.000000,0.000000,1.000000] [0.000477,2.849576,3.032953]
$TrainingCoPilot.transform = matrix3 [1.000000,0.000000,0.000000] [0.000000,0.000000,-1.000000] [0.000000,0.999992,0.000000] [0.000656,-0.000127,0.000190]
$FuelCell.transform = matrix3 [1.000000,0.000000,0.000000] [0.000000,0.999992,0.000000] [0.000000,0.000000,1.000000] [0.000895,1.423241,6.200642]
$padding2.transform = matrix3 [1.000000,0.000000,0.000000] [0.000000,0.999992,0.000000] [0.000000,0.000000,1.000000] [0.000477,2.321407,1.819796]
$MainCYl2.transform = matrix3 [-0.020202,0.000000,-0.999793] [0.000000,0.999995,0.000000] [0.999798,-0.000000,-0.020202] [0.000315,0.587034,9.639488]
$WireDrag.transform = matrix3 [1.000000,0.000000,0.000000] [0.000000,0.999995,-0.000000] [0.000000,0.000000,1.000000] [0.000350,0.524005,2.201324]
$FlarePod.transform = matrix3 [0.999972,-0.007000,-0.000299] [0.003440,0.453581,0.891208] [-0.006103,-0.891178,0.453598] [0.159515,-0.714742,-2.962627]
$Avro504k.transform = matrix3 [1.000000,0.000000,0.000000] [0.000000,1.000000,0.000000] [0.000000,0.000000,1.000000] [0.000477,-0.000448,0.000352]
