$oilpan.transform = matrix3 [0.999028,0.013563,0.041878] [-0.013804,0.999887,0.005508] [-0.041794,-0.006074,0.999014] [0.000390,-0.398375,6.537232]
$engine.transform = matrix3 [1.000000,0.000000,0.000000] [0.000000,0.999994,0.000000] [0.000000,0.000000,1.000000] [0.000655,0.752849,5.519528]
$prop.transform = matrix3 [1.000000,0.000000,0.000000] [0.000000,0.000000,-1.000000] [0.000000,0.999994,0.000000] [0.020656,0.572848,8.221382]
$Pilot.transform = matrix3 [1.000000,0.000000,0.000000] [0.000000,0.999994,0.000000] [0.000000,0.000000,1.000000] [0.000477,2.879553,-0.699654]
$airspeed_needle.transform = matrix3 [1.000000,0.000000,0.000000] [0.000000,0.999994,-0.000000] [0.000000,0.000000,1.000000] [0.000423,2.008957,1.560903]
$airspeed.transform = matrix3 [1.000000,0.000000,0.000000] [0.000000,0.999994,-0.000000] [0.000000,0.000000,1.000000] [0.000423,2.008957,1.568905]
$rpm_needle.transform = matrix3 [0.942079,-0.003999,-0.335371] [0.003794,0.999994,-0.001266] [0.335373,-0.000080,0.942089] [-0.771236,1.757141,1.564973]
$rpm_gauge.transform = matrix3 [1.000000,0.000000,0.000000] [0.000000,0.999994,-0.000000] [0.000000,0.000000,1.000000] [-0.771236,1.757141,1.568974]
$alt_needle.transform = matrix3 [1.000000,0.000000,0.000000] [0.000000,0.999994,-0.000000] [0.000000,0.000000,0.999997] [0.772160,1.757897,1.556835]
$alt_needle_2.transform = matrix3 [1.000000,0.000000,0.000000] [0.000000,0.999994,-0.000000] [0.000000,0.000000,0.999997] [0.772160,1.757897,1.559834]
$alt_gauge.transform = matrix3 [1.000000,0.000000,0.000000] [0.000000,0.999994,-0.000000] [0.000000,0.000000,1.000000] [0.772160,1.757897,1.568837]
$airspeed_needle2.transform = matrix3 [1.000000,0.000000,0.000000] [0.000000,0.999993,0.000000] [0.000000,0.000000,1.000000] [0.000423,2.008958,4.986877]
$airspeed2.transform = matrix3 [1.000000,0.000000,0.000000] [0.000000,0.999994,-0.000000] [0.000000,0.000000,1.000000] [0.000423,2.008958,5.003889]
$rpm_needle2.transform = matrix3 [0.942079,-0.003999,-0.335371] [0.003794,0.999989,-0.001266] [0.335373,-0.000080,0.942089] [-0.771236,1.757141,4.995948]
$rpm_gauge2.transform = matrix3 [1.000000,0.000000,0.000000] [0.000000,0.999994,-0.000000] [0.000000,0.000000,1.000000] [-0.771236,1.757141,5.003958]
$alt_needle3.transform = matrix3 [1.000000,0.000000,0.000000] [-0.000000,0.999994,-0.000000] [0.000000,0.000000,1.000000] [0.772160,1.757897,4.979808]
$alt_needle_4.transform = matrix3 [1.000000,0.000000,0.000000] [-0.000000,0.999994,-0.000000] [0.000000,0.000000,1.000000] [0.772160,1.757897,4.988808]
$alt_gauge2.transform = matrix3 [1.000000,0.000000,0.000000] [0.000000,0.999994,-0.000000] [0.000000,0.000000,1.000000] [0.772160,1.757897,5.003820]
$switch2.transform = matrix3 [1.000000,0.000000,0.000000] [0.000000,0.999994,-0.000000] [0.000000,0.000000,1.000000] [1.116064,1.488562,5.000472]
$MainPanel2.transform = matrix3 [1.000000,0.000000,0.000000] [0.000000,0.999994,-0.000000] [0.000000,0.000000,1.000000] [0.000477,1.797613,6.728978]
$switch.transform = matrix3 [1.000000,0.000000,0.000000] [0.000000,0.999994,-0.000000] [0.000000,0.000000,1.000000] [1.116064,1.488562,1.567486]
$MainPanel.transform = matrix3 [1.000000,0.000000,0.000000] [0.000000,0.999994,0.000000] [0.000000,0.000000,1.000000] [0.000477,1.797613,3.293997]
$Seat.transform = matrix3 [1.000000,0.000000,0.000000] [0.000000,0.999994,0.000000] [0.000000,0.000000,1.000000] [0.000895,0.498243,-0.184220]
$Seat2.transform = matrix3 [1.000000,0.000000,0.000000] [0.000000,0.999994,0.000000] [0.000000,0.000000,1.000000] [0.001886,0.498243,3.085769]
$Yoke.transform = matrix3 [1.000000,-0.000000,0.000000] [0.000000,0.999994,0.000000] [0.000000,-0.000000,1.000000] [0.000885,0.198243,1.414773]
$YokeElev.transform = matrix3 [1.000000,0.000000,0.000000] [0.000000,0.999994,0.000000] [0.000000,0.000000,1.000000] [0.000886,0.198243,1.414773]
$Yoke2.transform = matrix3 [1.000000,0.000000,0.000000] [0.000000,0.999994,-0.000000] [-0.000000,0.000000,1.000000] [0.000894,0.198243,4.614758]
$YokeElev2.transform = matrix3 [1.000000,0.000000,0.000000] [0.000000,0.999994,0.000000] [0.000000,0.000000,1.000000] [0.000894,0.198243,4.614760]
$RudderPed.transform = matrix3 [1.000000,0.000000,-0.000000] [0.000000,0.999994,0.000000] [-0.000000,-0.000000,1.000000] [0.000885,-0.600759,2.028772]
$RudderPed2.transform = matrix3 [1.000000,0.000000,-0.000000] [0.000000,0.999994,0.000000] [-0.000000,-0.000000,1.000000] [0.000885,-0.600761,5.442754]
$TWheel.transform = matrix3 [1.000000,0.000000,-0.000000] [0.000000,0.999994,0.000000] [-0.000000,-0.000000,1.000000] [1.200884,0.767238,1.217777]
$TWheel2.transform = matrix3 [1.000000,0.000000,-0.000000] [0.000000,0.999994,0.000000] [-0.000000,-0.000000,1.000000] [1.200884,0.767237,3.776763]
$Throttle.transform = matrix3 [1.000000,0.000000,-0.000001] [0.000000,0.999994,0.000000] [-0.000000,-0.000000,1.000000] [-1.206160,0.959229,1.232772]
$TBase.transform = matrix3 [1.000000,0.000000,-0.000000] [0.000000,0.999994,0.000000] [-0.000000,-0.000000,1.000000] [-1.199114,0.735232,1.132771]
$Throttle2.transform = matrix3 [1.000000,-0.000000,0.000000] [0.000000,0.999994,0.000000] [-0.000000,-0.000000,1.000000] [-1.206160,0.959233,3.833761]
$TBase2.transform = matrix3 [1.000000,0.000000,-0.000000] [0.000000,0.999994,0.000000] [-0.000000,-0.000000,1.000000] [-1.199114,0.735231,3.733763]
$Insides.transform = matrix3 [1.000000,0.000000,0.000000] [0.000000,0.999994,0.000000] [0.000000,0.000000,1.000000] [-0.004114,0.445242,2.900759]
$CPWalls.transform = matrix3 [1.000000,0.000000,0.000000] [0.000000,0.999994,0.000000] [0.000000,0.000000,1.000000] [0.000477,0.331387,0.097185]
$leftWheel.transform = matrix3 [0.000000,0.000000,1.000000] [-0.000000,0.999994,0.000000] [-1.000000,0.000000,0.000000] [-2.536488,-4.147419,4.099356]
$rightWheel.transform = matrix3 [0.000000,0.000000,1.000000] [-0.000000,0.999994,0.000000] [-1.000000,0.000000,0.000000] [2.537442,-4.147420,4.099356]
$WheelStruts.transform = matrix3 [1.000000,0.000000,0.000000] [0.000000,0.999994,0.000000] [0.000000,0.000000,1.000000] [0.000477,-2.807027,4.247982]
$BWSL.transform = matrix3 [1.000000,0.000000,0.000000] [0.000000,0.999994,0.000000] [0.000000,0.000000,1.000000] [-1.297523,3.181559,4.209321]
$BWSR.transform = matrix3 [1.000000,0.000000,0.000000] [0.000000,0.999994,0.000000] [0.000000,0.000000,1.000000] [1.298477,3.181553,4.209323]
$Group.transform = matrix3 [1.000000,0.000000,0.000000] [0.000000,1.000000,0.000000] [0.000000,0.000000,1.000000] [0.000000,0.000000,0.000000]
$MainCYl.transform = matrix3 [1.000000,0.000000,0.000000] [0.000000,0.999994,0.000000] [0.000000,0.000000,1.000000] [-0.043181,0.599553,9.576275]
$Windscreen2.transform = matrix3 [1.000000,-0.000000,-0.000000] [-0.000000,0.999994,-0.000000] [-0.000000,0.000000,1.000000] [0.000477,2.647409,4.887784]
$LLAileron.transform = matrix3 [0.999905,0.000000,0.013000] [0.000000,0.999994,0.000000] [-0.013000,-0.000000,0.999899] [-14.913716,-0.744784,-0.673262]
$wire110.transform = matrix3 [-0.019023,-0.627306,-0.778551] [-0.999466,-0.008686,0.031421] [-0.026470,0.778732,-0.626812] [-8.374998,2.164515,3.172137]
$wire19.transform = matrix3 [-0.032137,-0.051102,-0.998185] [-0.999420,-0.010221,0.032703] [-0.011872,0.998645,-0.050746] [-8.382477,2.122582,3.076019]
$LLSpar.transform = matrix3 [0.999269,0.000000,-0.037990] [0.000000,0.999994,0.000000] [0.037989,-0.000000,0.999271] [-8.384306,2.058780,3.089160]
$LSupport.transform = matrix3 [0.998700,0.000000,0.050978] [0.000000,0.999994,0.000000] [-0.050978,-0.000000,0.998683] [-15.316214,-1.250628,2.038771]
$wire14.transform = matrix3 [0.799534,0.245338,0.548235] [-0.206775,0.969407,-0.132258] [-0.563918,-0.007617,0.825799] [-4.940002,1.941883,1.984368]
$wire16.transform = matrix3 [-0.740190,0.278270,0.612125] [0.066061,0.936040,-0.345642] [-0.669156,-0.215403,-0.711222] [-4.983554,1.975626,1.978940]
$wire15.transform = matrix3 [-0.751459,0.274568,0.599946] [0.066062,0.936039,-0.345642] [-0.656477,-0.220101,-0.721524] [-4.850565,1.931652,4.068610]
$wire13.transform = matrix3 [0.795015,0.265639,0.545336] [-0.223518,0.964042,-0.143741] [-0.563918,-0.007617,0.825799] [-4.862377,2.021650,4.229647]
$LLWing.transform = matrix3 [0.999279,0.000000,-0.037991] [0.000000,0.999994,0.000000] [0.037991,0.000000,0.999279] [-9.793394,-0.767746,1.154219]
$LRAileron.transform = matrix3 [0.999931,0.000000,-0.013000] [0.000000,0.999994,0.000000] [0.013000,0.000000,0.999926] [14.918201,-0.741290,-0.674074]
$wire112.transform = matrix3 [0.032053,-0.627388,-0.778061] [-0.999358,-0.008174,-0.034576] [0.015336,0.778675,-0.627260] [8.396771,2.109903,3.086451]
$wire111.transform = matrix3 [0.033753,-0.051201,-0.998127] [-0.999397,-0.009709,-0.033294] [-0.007984,0.998645,-0.051501] [8.389830,2.115250,3.055849]
$LRSpar.transform = matrix3 [0.999298,0.000000,0.037991] [0.000000,0.999994,0.000000] [-0.037991,-0.000000,0.999279] [8.383976,2.108119,3.087344]
$RSupport.transform = matrix3 [0.998721,0.000000,-0.050979] [0.000000,0.999994,0.000000] [0.050979,0.000000,0.998706] [15.318332,-1.249720,2.039770]
$wire10.transform = matrix3 [0.750558,0.239636,0.615856] [-0.222424,0.969175,-0.106048] [-0.622265,-0.057382,0.780711] [4.794340,1.795258,1.912373]
$wire12.transform = matrix3 [-0.791448,0.245513,0.559790] [0.088619,0.952219,-0.292327] [-0.604810,-0.181749,-0.775383] [4.938694,1.946403,1.934891]
$wire11.transform = matrix3 [-0.794229,0.252977,0.552476] [0.095633,0.949937,-0.297488] [-0.600074,-0.183435,-0.778659] [4.973036,1.942162,4.199926]
$wire9.transform = matrix3 [0.750558,0.239636,0.615856] [-0.222424,0.969176,-0.106048] [-0.622265,-0.057382,0.780711] [4.778643,1.871581,4.027207]
$LRWing.transform = matrix3 [0.999279,0.000000,0.037991] [0.000000,0.999994,0.000000] [-0.037991,0.000000,0.999279] [9.794847,-0.767372,1.154407]
$ULAileron.transform = matrix3 [0.999902,-0.000002,0.014003] [0.000002,0.999993,-0.000000] [-0.013999,0.000000,0.999898] [-14.916665,4.854379,1.675076]
$wire18.transform = matrix3 [-0.019803,-0.627303,-0.778522] [-0.999449,-0.008684,0.032419] [-0.027096,0.778730,-0.626783] [-15.110358,2.396910,3.256494]
$wire17.transform = matrix3 [-0.033135,-0.051101,-0.998144] [-0.999388,-0.010218,0.033700] [-0.011921,0.998640,-0.050734] [-15.117800,2.355018,3.160369]
$ULSpar.transform = matrix3 [0.999238,-0.000002,-0.038987] [0.000002,0.999993,-0.000000] [0.038991,0.000000,0.999236] [-15.122684,2.319308,3.194504]
$wire2.transform = matrix3 [0.802851,0.223467,0.552713] [-0.193675,0.974566,-0.112700] [-0.563838,-0.016567,0.825717] [-11.653131,2.219551,2.103200]
$wire4.transform = matrix3 [-0.742593,0.278326,0.609167] [0.094891,0.944105,-0.315688] [-0.662981,-0.176625,-0.727506] [-11.669011,2.142792,2.017476]
$wire3.transform = matrix3 [-0.742594,0.278326,0.609167] [0.094891,0.944104,-0.315688] [-0.662981,-0.176625,-0.727505] [-11.638252,2.184680,4.192321]
$wire1.transform = matrix3 [0.802852,0.223468,0.552714] [-0.193676,0.974567,-0.112700] [-0.563841,-0.016567,0.825716] [-11.629244,2.289044,4.270778]
$ULWing.transform = matrix3 [0.999242,0.000000,-0.038990] [0.000002,0.999994,0.000000] [0.038990,0.000000,0.999242] [-9.721543,4.825587,3.500561]
$URAileron.transform = matrix3 [0.999941,0.000002,-0.011999] [0.000002,0.999992,0.000000] [0.012000,0.000000,0.999918] [14.890119,4.860394,1.630261]
$wire114.transform = matrix3 [0.032830,-0.627383,-0.778025] [-0.999319,-0.008175,-0.035576] [0.015965,0.778672,-0.627238] [15.121153,2.393539,3.198798]
$wire113.transform = matrix3 [0.034751,-0.051201,-0.998092] [-0.999349,-0.009710,-0.034293] [-0.007931,0.998641,-0.051509] [15.114219,2.398757,3.170195]
$URSpar.transform = matrix3 [0.999258,0.000002,0.038990] [0.000002,0.999992,0.000000] [-0.038990,-0.000000,0.999228] [15.111479,2.316704,3.144688]
$wire6.transform = matrix3 [0.748587,0.262176,0.609010] [-0.233888,0.963869,-0.127455] [-0.620422,-0.047029,0.782862] [11.745097,2.242088,2.016290]
$wire8.transform = matrix3 [-0.797708,0.239047,0.553647] [0.069747,0.948485,-0.309041] [-0.599003,-0.207907,-0.773292] [11.755693,2.139348,1.942877]
$wire7.transform = matrix3 [-0.797711,0.239048,0.553647] [0.069747,0.948486,-0.309041] [-0.599004,-0.207907,-0.773293] [11.754775,2.250768,4.133180]
$wire5.transform = matrix3 [0.748588,0.262176,0.609009] [-0.233888,0.963870,-0.127455] [-0.620423,-0.047028,0.782862] [11.716104,2.233284,4.186794]
$URWing.transform = matrix3 [0.999241,0.000000,0.038990] [0.000002,0.999994,0.000000] [-0.038990,0.000000,0.999241] [9.709981,4.830962,3.457746]
$FuelCell2.transform = matrix3 [0.998598,-0.000001,0.052976] [0.000001,0.999994,0.000000] [-0.052975,0.000000,0.998595] [-1.327080,5.184548,4.442735]
$drum.transform = matrix3 [1.000000,-0.000001,-0.000000] [0.000001,0.999962,-0.008321] [0.000000,0.008322,0.999965] [0.000326,5.473642,1.605803]
$holder.transform = matrix3 [1.000000,-0.000000,0.000000] [0.000000,0.999994,0.000000] [0.000000,-0.000000,1.000000] [0.000329,5.171852,2.919928]
$Lewis.transform = matrix3 [1.000000,-0.000001,0.000000] [0.000001,0.999963,-0.008322] [0.000000,0.008322,0.999965] [0.000324,5.335579,4.179088]
$sight.transform = matrix3 [1.000001,0.000000,0.000000] [0.000000,0.999994,0.000000] [0.000000,0.000000,1.000000] [0.003174,2.705182,1.463410]
$FosterMount.transform = matrix3 [1.000000,0.000000,0.000000] [0.000000,0.999994,0.000000] [0.000000,0.000000,1.000000] [0.000324,3.889062,3.366576]
$CenterWing.transform = matrix3 [1.000000,0.000000,0.000000] [0.000000,0.999994,0.000000] [0.000000,0.000000,1.000000] [0.000325,4.506205,3.479087]
$ElevatorR.transform = matrix3 [1.000000,0.000000,-0.000000] [0.000000,0.999989,-0.000000] [-0.000000,0.000000,1.000000] [2.538905,1.306054,-18.945051]
$HSR.transform = matrix3 [1.000000,0.000000,-0.000000] [0.000000,0.999990,-0.000000] [-0.000000,0.000000,1.000000] [2.552321,0.702199,-16.556808]
$ElevatorL.transform = matrix3 [1.000000,0.000000,0.000000] [0.000000,0.999990,-0.000000] [0.000000,0.000000,1.000000] [-2.565098,1.306029,-18.944691]
$HSL.transform = matrix3 [1.000000,0.000000,0.000000] [0.000000,0.999990,-0.000000] [0.000000,0.000000,1.000000] [-2.551682,0.702173,-16.556450]
$TailSkid.transform = matrix3 [1.000000,0.000000,0.000000] [0.000000,0.999990,-0.000000] [0.000000,0.000000,1.000000] [0.000477,-0.960094,-14.995167]
$Rudder.transform = matrix3 [-0.000000,0.014999,0.999888] [0.000000,0.999876,-0.014999] [-1.000000,0.000000,0.000000] [0.000477,2.148826,-18.613251]
$Holder.transform = matrix3 [0.000000,0.000000,1.000000] [0.000000,0.999990,-0.000000] [-1.000000,0.000000,0.000000] [0.000477,2.387219,-20.924553]
$tailWheel.transform = matrix3 [0.000000,0.000000,1.000000] [0.000000,0.999990,0.000000] [-1.000000,0.000000,0.000000] [0.000476,-0.570987,-15.490736]
$tailSteer.transform = matrix3 [1.000000,0.000000,0.000000] [0.000000,0.999990,-0.000000] [0.000000,0.000000,1.000000] [-0.080957,-0.073211,-15.632693]
$tailfuse.transform = matrix3 [1.000000,0.000000,0.000000] [0.000000,0.999994,0.000000] [0.000000,0.000000,1.000000] [0.000477,0.620552,-9.574642]
$cowl.transform = matrix3 [1.000000,0.000000,0.000000] [0.000000,0.999994,0.000000] [0.000000,0.000000,1.000000] [0.000477,0.756384,6.786142]
$wire115.transform = matrix3 [0.157717,0.914662,-0.372182] [-0.987470,0.144021,-0.064508] [-0.005401,0.377691,0.925920] [-0.693922,-2.829077,4.802300]
$wire116.transform = matrix3 [-0.152181,0.913481,-0.377378] [-0.988354,-0.141475,0.056108] [-0.002137,0.381518,0.924370] [0.669970,-2.808845,4.742237]
$wire117.transform = matrix3 [0.178542,0.885664,0.428661] [-0.982801,0.139583,0.120959] [0.047294,-0.442886,0.895343] [0.693430,-2.424874,3.873542]
$wire118.transform = matrix3 [-0.200010,0.887261,0.415696] [-0.979004,-0.163866,-0.121294] [-0.039499,-0.431229,0.901393] [-0.581327,-2.382865,4.001194]
$wire119.transform = matrix3 [0.778070,-0.536860,0.326181] [0.460198,0.840569,0.285754] [-0.427589,-0.072227,0.901086] [4.476296,-2.572269,5.703583]
$wire1110.transform = matrix3 [0.776562,0.538891,-0.326420] [-0.570670,0.821173,-0.001939] [0.267004,0.187783,0.945227] [-4.413257,-2.555239,5.693113]
$wire1111.transform = matrix3 [0.935508,-0.008339,0.353218] [0.008999,0.999959,-0.000228] [-0.353199,0.003392,0.935545] [4.275630,-2.323724,0.754954]
$wire1112.transform = matrix3 [0.934991,0.006555,-0.354637] [-0.019990,0.999210,-0.034235] [0.354130,0.039099,0.934382] [-4.452883,-2.277366,0.754921]
$mainskid.transform = matrix3 [1.000000,0.000000,0.000000] [0.000000,0.998983,0.044985] [0.000000,-0.044985,0.998989] [0.000477,-2.960428,5.262165]
$padding.transform = matrix3 [1.000000,0.000000,0.000000] [0.000000,0.999994,0.000000] [0.000000,0.000000,1.000000] [0.000477,2.321408,1.819809]
$Windscreen.transform = matrix3 [1.000000,-0.000000,-0.000000] [0.000000,0.999995,-0.000000] [0.000000,0.000000,1.000000] [0.000477,2.651440,1.635440]
$CoPilot.transform = matrix3 [1.000000,0.000000,0.000000] [0.000000,0.999994,0.000000] [0.000000,0.000000,1.000000] [0.000477,2.849576,2.532966]
$TrainingCoPilot.transform = matrix3 [1.000000,0.000000,0.000000] [0.000000,0.000000,-1.000000] [0.000000,0.999994,0.000000] [0.000656,-0.000127,0.000195]
$FuelCell.transform = matrix3 [1.000000,0.000000,0.000000] [0.000000,0.999994,0.000000] [0.000000,0.000000,1.000000] [0.000895,1.423241,6.200682]
$padding2.transform = matrix3 [1.000000,0.000000,0.000000] [0.000000,0.999994,0.000000] [0.000000,0.000000,1.000000] [0.000477,2.321407,1.819809]
$MainCYl2.transform = matrix3 [-0.020202,0.000000,-0.999793] [0.000000,0.999998,0.000000] [0.999798,-0.000000,-0.020202] [0.000315,0.587034,9.639570]
$WireDrag.transform = matrix3 [1.000000,0.000000,0.000000] [0.000000,0.999998,-0.000000] [0.000000,0.000000,1.000000] [0.000350,0.524005,2.201337]
$FlarePod.transform = matrix3 [0.999972,-0.007000,-0.000299] [0.003440,0.453583,0.891208] [-0.006103,-0.891180,0.453598] [0.159515,-0.714742,-2.962626]
$Avro504k.transform = matrix3 [1.000000,0.000000,0.000000] [0.000000,1.000000,0.000000] [0.000000,0.000000,1.000000] [0.000477,-0.000448,0.000352]
